0.430529645935233
0.430529645935233
0.430529645935233
0.430529645935233
0.430529645935233
0.430529645935233
0.430529645935233
0.430529645935233
0.198141484777011
0.198141484777011
0.198141484777011
0.198141484777011
0.198141484777011
0.198141484777011
0.198141484777011
0.198141484777011
1.90232133327064
1.90232133327064
1.90232133327064
1.90232133327064
1.90232133327064
1.90232133327064
1.90232133327064
1.90232133327064
0.740380527479529
0.740380527479529
0.740380527479529
0.740380527479529
0.740380527479529
0.740380527479529
0.740380527479529
0.740380527479529
0.275604205163085
0.275604205163085
0.275604205163085
0.275604205163085
0.275604205163085
0.275604205163085
0.275604205163085
0.275604205163085
0.275604205163085
0.275604205163085
0.275604205163085
0.275604205163085
0.275604205163085
0.275604205163085
0.275604205163085
0.275604205163085
0.275604205163085
0.275604205163085
0.275604205163085
0.275604205163085
0.275604205163085
0.275604205163085
0.275604205163085
0.275604205163085
-0.344097557925507
-0.344097557925507
-0.344097557925507
-0.344097557925507
-0.344097557925507
-0.344097557925507
-0.344097557925507
-0.344097557925507
-1.42857564333054
-1.42857564333054
-1.42857564333054
-1.42857564333054
-1.42857564333054
-1.42857564333054
-1.42857564333054
-2.28066556757736
-2.28066556757736
-2.28066556757736
-2.28066556757736
-2.28066556757736
-2.28066556757736
-2.28066556757736
-2.28066556757736
-0.111709396767285
-0.111709396767285
-0.111709396767285
-0.111709396767285
-0.111709396767285
-0.111709396767285
-0.111709396767285
-0.111709396767285
-0.111709396767285
-0.111709396767285
-0.111709396767285
-0.111709396767285
-0.111709396767285
-0.111709396767285
-0.111709396767285
-0.111709396767285
