2.70671403466093
2.70671403466093
2.70671403466093
2.70671403466093
2.70671403466093
2.70671403466093
2.70671403466093
2.70671403466093
0.536604158193364
0.536604158193364
0.536604158193364
0.536604158193364
0.536604158193364
0.536604158193364
0.536604158193364
0.536604158193364
-0.841163275005813
-0.841163275005813
-0.841163275005813
-0.841163275005813
-0.841163275005813
-0.841163275005813
-0.841163275005813
-0.841163275005813
-0.356673628166542
-0.356673628166542
-0.356673628166542
-0.356673628166542
-0.356673628166542
-0.356673628166542
-0.356673628166542
-0.356673628166542
-1.43668179924575
-1.43668179924575
-1.43668179924575
-1.43668179924575
-1.43668179924575
-1.43668179924575
-1.43668179924575
-1.43668179924575
-0.250691517920452
-0.250691517920452
-0.250691517920452
-0.250691517920452
-0.250691517920452
-0.250691517920452
-0.250691517920452
-0.250691517920452
-0.361720395321118
-0.361720395321118
-0.361720395321118
-0.361720395321118
-0.361720395321118
-0.361720395321118
-0.361720395321118
-0.361720395321118
-0.220410914992997
-0.220410914992997
-0.220410914992997
-0.220410914992997
-0.220410914992997
-0.220410914992997
-0.220410914992997
-0.220410914992997
0.763708680149272
0.763708680149272
0.763708680149272
0.763708680149272
0.763708680149272
0.763708680149272
0.763708680149272
0.380154376401516
0.380154376401516
0.380154376401516
0.380154376401516
0.380154376401516
0.380154376401516
0.380154376401516
0.380154376401516
-0.412188066866875
-0.412188066866875
-0.412188066866875
-0.412188066866875
-0.412188066866875
-0.412188066866875
-0.412188066866875
-0.412188066866875
-0.412188066866875
-0.412188066866875
-0.412188066866875
-0.412188066866875
-0.412188066866875
-0.412188066866875
-0.412188066866875
-0.412188066866875
